"date" "year" "month" "day" "pm_Ave" "log_pm_Ave"
"2013-01-01" 2013 1 1 15.8333333333333 2.76211742237249
"2013-01-02" 2013 1 2 18.625 2.92450476426562
"2013-01-03" 2013 1 3 25.0833333333333 3.22220361496088
"2013-01-04" 2013 1 4 85.5 4.44851637594271
"2013-01-05" 2013 1 5 61.1666666666667 4.11360237882652
"2013-01-06" 2013 1 6 139.958333333333 4.94134475926435
"2013-01-07" 2013 1 7 146.166666666667 4.98474752314413
"2013-01-08" 2013 1 8 118.833333333333 4.77772195118624
"2013-01-09" 2013 1 9 61.9166666666667 4.12578939492976
"2013-01-10" 2013 1 10 248.291666666667 5.51460413039903
"2013-01-11" 2013 1 11 361.25 5.88957023942664
"2013-01-12" 2013 1 12 568.565217391304 6.34311602497735
"2013-01-13" 2013 1 13 416.260869565217 6.03131215402331
"2013-01-14" 2013 1 14 299.5 5.7021144175555
"2013-01-15" 2013 1 15 114.95652173913 4.74455398504243
"2013-01-16" 2013 1 16 112 4.71849887129509
"2013-01-17" 2013 1 17 75.7916666666667 4.32798834817018
"2013-01-18" 2013 1 18 276.833333333333 5.62341564038524
"2013-01-19" 2013 1 19 189.416666666667 5.24394917406454
"2013-01-20" 2013 1 20 107.25 4.67516255780813
"2013-01-21" 2013 1 21 147.833333333333 4.99608551308152
"2013-01-22" 2013 1 22 198.875 5.29267648665795
"2013-01-23" 2013 1 23 378.083333333333 5.93511462987596
"2013-01-24" 2013 1 24 19.4166666666667 2.9661318037777
"2013-01-25" 2013 1 25 73.9583333333333 4.30350187156157
"2013-01-26" 2013 1 26 161.375 5.08373084916681
"2013-01-27" 2013 1 27 312.958333333333 5.74607006133807
"2013-01-28" 2013 1 28 406.375 6.00727637862407
"2013-01-29" 2013 1 29 429.782608695652 6.06327951967557
"2013-01-30" 2013 1 30 277.916666666667 5.62732130856172
"2013-01-31" 2013 1 31 173.5 5.15617759938691
"2013-02-01" 2013 2 1 34.5833333333333 3.5433718704427
"2013-02-02" 2013 2 2 49.0833333333333 3.89351953386359
"2013-02-03" 2013 2 3 188.875 5.2410854205929
"2013-02-04" 2013 2 4 37.5416666666667 3.62545142726039
"2013-02-05" 2013 2 5 93.4166666666667 4.53706977328416
"2013-02-06" 2013 2 6 93.75 4.54063166485052
"2013-02-07" 2013 2 7 12.6666666666667 2.53897387105828
"2013-02-08" 2013 2 8 60.3333333333333 4.09988474259772
"2013-02-09" 2013 2 9 188.583333333333 5.23953999584554
"2013-02-10" 2013 2 10 59.8333333333333 4.09156291926022
"2013-02-11" 2013 2 11 65.2916666666667 4.17886441200808
"2013-02-12" 2013 2 12 119.125 4.78017336197437
"2013-02-13" 2013 2 13 315.041666666667 5.75270490521032
"2013-02-14" 2013 2 14 70.304347826087 4.25283364364796
"2013-02-15" 2013 2 15 40.5416666666667 3.70233025183806
"2013-02-16" 2013 2 16 145.375 4.97931661083883
"2013-02-17" 2013 2 17 124.041666666667 4.82061753066783
"2013-02-18" 2013 2 18 22.375 3.10794426416092
"2013-02-19" 2013 2 19 32.9583333333333 3.49524413741971
"2013-02-20" 2013 2 20 83.4166666666667 4.42384812952722
"2013-02-21" 2013 2 21 212.666666666667 5.35972599467668
"2013-02-22" 2013 2 22 85.0833333333333 4.44363116837667
"2013-02-23" 2013 2 23 149 5.00394630594546
"2013-02-24" 2013 2 24 332.875 5.8077670441341
"2013-02-25" 2013 2 25 159.458333333333 5.07178265507776
"2013-02-26" 2013 2 26 216.416666666667 5.37720556187475
"2013-02-27" 2013 2 27 245.708333333333 5.50414519565256
"2013-02-28" 2013 2 28 221.125 5.39872815247995
"2013-03-01" 2013 3 1 10.5 2.35137525716348
"2013-03-02" 2013 3 2 48.8333333333333 3.88841313978901
"2013-03-03" 2013 3 3 101 4.61512051684126
"2013-03-04" 2013 3 4 25.0869565217391 3.22234805057895
"2013-03-05" 2013 3 5 183.416666666667 5.21176043173846
"2013-03-06" 2013 3 6 226.04347826087 5.42072736245457
"2013-03-07" 2013 3 7 318.458333333333 5.76349164489494
"2013-03-08" 2013 3 8 222.166666666667 5.40342785095065
"2013-03-09" 2013 3 9 64.4583333333333 4.16601902022512
"2013-03-10" 2013 3 10 42.125 3.74064138867253
"2013-03-11" 2013 3 11 126.583333333333 4.84090085280777
"2013-03-12" 2013 3 12 147.208333333333 4.9918488170112
"2013-03-13" 2013 3 13 22.0416666666667 3.09293460151035
"2013-03-14" 2013 3 14 112.782608695652 4.72546214894724
"2013-03-15" 2013 3 15 257.541666666667 5.55118151931133
"2013-03-16" 2013 3 16 265.217391304348 5.58054983423225
"2013-03-17" 2013 3 17 351.291666666667 5.86161683757473
"2013-03-18" 2013 3 18 52.7083333333333 3.96477357081368
"2013-03-19" 2013 3 19 56.1666666666667 4.02832346112431
"2013-03-20" 2013 3 20 64.9166666666667 4.17310439608275
"2013-03-21" 2013 3 21 157.625 5.06021879428508
"2013-03-22" 2013 3 22 64.5 4.16666522380173
"2013-03-23" 2013 3 23 55.1666666666667 4.01035890614901
"2013-03-24" 2013 3 24 23.3333333333333 3.14988295338125
"2013-03-25" 2013 3 25 113.652173913043 4.73314267825502
"2013-03-26" 2013 3 26 196.541666666667 5.28087445293632
"2013-03-27" 2013 3 27 92.7083333333333 4.5294583642524
"2013-03-28" 2013 3 28 37.0833333333333 3.61316763237824
"2013-03-29" 2013 3 29 95.9166666666667 4.56347975893388
"2013-03-30" 2013 3 30 94.5833333333333 4.5494812801275
"2013-03-31" 2013 3 31 200.458333333333 5.30060641135151
"2013-04-01" 2013 4 1 95.6666666666667 4.56086992709151
"2013-04-02" 2013 4 2 116.782608695652 4.76031416115403
"2013-04-03" 2013 4 3 123.458333333333 4.81590371722562
"2013-04-04" 2013 4 4 83.2916666666667 4.42234850415245
"2013-04-05" 2013 4 5 61.5 4.11903717481247
"2013-04-06" 2013 4 6 15.125 2.71634900391691
"2013-04-07" 2013 4 7 79.9583333333333 4.38150566565975
"2013-04-08" 2013 4 8 19.2916666666667 2.95967322373829
"2013-04-09" 2013 4 9 11.4166666666667 2.43507427604012
"2013-04-10" 2013 4 10 12.4583333333333 2.52238974304274
"2013-04-11" 2013 4 11 18.9130434782609 2.93985181515953
"2013-04-12" 2013 4 12 51.7083333333333 3.94561895485666
"2013-04-13" 2013 4 13 59.25 4.08176578001524
"2013-04-14" 2013 4 14 30.8333333333333 3.42859635585027
"2013-04-15" 2013 4 15 68.4347826086957 4.2258812130482
"2013-04-16" 2013 4 16 61.3181818181818 4.11607640284944
"2013-04-17" 2013 4 17 47.125 3.85280364576817
"2013-04-18" 2013 4 18 11.7916666666667 2.46739306729529
"2013-04-19" 2013 4 19 54.625 4.00049165341575
"2013-04-20" 2013 4 20 78.5416666666667 4.36362926953417
"2013-04-21" 2013 4 21 130.875 4.8742426691907
"2013-04-22" 2013 4 22 171.583333333333 5.14506905723979
"2013-04-23" 2013 4 23 206.291666666667 5.32929102501348
"2013-04-24" 2013 4 24 78.875 4.36786432086138
"2013-04-25" 2013 4 25 17.25 2.84781214347737
"2013-04-26" 2013 4 26 72.4166666666667 4.28243647547739
"2013-04-27" 2013 4 27 72.7083333333333 4.28645600428858
"2013-04-28" 2013 4 28 71.7083333333333 4.27260696586359
"2013-04-29" 2013 4 29 30.0416666666667 3.402585306937
"2013-04-30" 2013 4 30 21.4166666666667 3.06416943510722
"2013-05-01" 2013 5 1 45.7083333333333 3.82228062992728
"2013-05-02" 2013 5 2 82.9166666666667 4.41783608737059
"2013-05-03" 2013 5 3 64.125 4.16083430349093
"2013-05-04" 2013 5 4 86.625 4.46158845751007
"2013-05-05" 2013 5 5 186.291666666667 5.22731354588603
"2013-05-06" 2013 5 6 214.291666666667 5.36733801542697
"2013-05-07" 2013 5 7 178.958333333333 5.18715300407041
"2013-05-08" 2013 5 8 124.291666666667 4.8226309541668
"2013-05-09" 2013 5 9 49.7083333333333 3.90617259174997
"2013-05-10" 2013 5 10 48.75 3.88670519744386
"2013-05-11" 2013 5 11 53.2083333333333 3.97421502568459
"2013-05-12" 2013 5 12 48.9166666666667 3.8901181700401
"2013-05-13" 2013 5 13 104.5 4.64918707140487
"2013-05-14" 2013 5 14 62.8333333333333 4.14048571821996
"2013-05-15" 2013 5 15 67.5 4.21212759787848
"2013-05-16" 2013 5 16 68.75 4.23047673654668
"2013-05-17" 2013 5 17 108.8 4.68951133442184
"2013-05-18" 2013 5 18 85.8823529411765 4.45297837064617
"2013-05-19" 2013 5 19 54.5 3.9982007016692
"2013-05-20" 2013 5 20 48.625 3.88413780193861
"2013-05-21" 2013 5 21 101.541666666667 4.62046922327726
"2013-05-22" 2013 5 22 62.7083333333333 4.13849434683503
"2013-05-23" 2013 5 23 87.0833333333333 4.46686551461091
"2013-05-24" 2013 5 24 115.541666666667 4.74963121526783
"2013-05-25" 2013 5 25 63.8333333333333 4.15627551995259
"2013-05-26" 2013 5 26 103.458333333333 4.63916895516022
"2013-05-27" 2013 5 27 76.5416666666667 4.33783525486718
"2013-05-28" 2013 5 28 83.3913043478261 4.42354403951423
"2013-05-29" 2013 5 29 20.4166666666667 3.01635156075673
"2013-05-30" 2013 5 30 59.375 4.08387326235481
"2013-05-31" 2013 5 31 91.625 4.51770416020682
"2013-06-01" 2013 6 1 73.1666666666667 4.29273994384712
"2013-06-02" 2013 6 2 155.708333333333 5.04798459913754
"2013-06-03" 2013 6 3 131.791666666667 4.8812223929577
"2013-06-04" 2013 6 4 129.875 4.86657244941939
"2013-06-05" 2013 6 5 146.958333333333 4.99014909988811
"2013-06-06" 2013 6 6 153.75 5.03532790668663
"2013-06-07" 2013 6 7 137.166666666667 4.92119673144901
"2013-06-08" 2013 6 8 174.791666666667 5.16359478855336
"2013-06-09" 2013 6 9 56.75 4.03865565636151
"2013-06-10" 2013 6 10 32.2083333333333 3.47222521823948
"2013-06-11" 2013 6 11 61.9583333333333 4.12646211611221
"2013-06-12" 2013 6 12 67.9583333333333 4.21889477227307
"2013-06-13" 2013 6 13 107.416666666667 4.67671535315119
"2013-06-14" 2013 6 14 108.166666666667 4.68367324747603
"2013-06-15" 2013 6 15 125.708333333333 4.83396440881112
"2013-06-16" 2013 6 16 174.458333333333 5.1616859356712
"2013-06-17" 2013 6 17 35.8333333333333 3.57887855889961
"2013-06-18" 2013 6 18 53.7083333333333 3.98356817259124
"2013-06-19" 2013 6 19 51.5 3.94158180766969
"2013-06-20" 2013 6 20 91.9545454545455 4.52129438380943
"2013-06-21" 2013 6 21 77.5833333333333 4.35135262748907
"2013-06-22" 2013 6 22 59.7916666666667 4.09086629784578
"2013-06-23" 2013 6 23 68.8333333333333 4.23168812373298
"2013-06-24" 2013 6 24 108.791666666667 4.68943473835118
"2013-06-25" 2013 6 25 127.375 4.84713549154289
"2013-06-26" 2013 6 26 157.75 5.06101150142132
"2013-06-27" 2013 6 27 92.7083333333333 4.5294583642524
"2013-06-28" 2013 6 28 294.458333333333 5.68513751034291
"2013-06-29" 2013 6 29 104.416666666667 4.64838930510807
"2013-06-30" 2013 6 30 180.416666666667 5.19526899064859
"2013-07-01" 2013 7 1 143.291666666667 4.96488218008432
"2013-07-02" 2013 7 2 17.4583333333333 2.85981708957419
"2013-07-03" 2013 7 3 31.8333333333333 3.46051395881857
"2013-07-04" 2013 7 4 28.2916666666667 3.34256729721075
"2013-07-05" 2013 7 5 23.125 3.14091428339849
"2013-07-06" 2013 7 6 60.9583333333333 4.11019057067218
"2013-07-07" 2013 7 7 92.375 4.52585637926837
"2013-07-08" 2013 7 8 91.2916666666667 4.51405950924752
"2013-07-09" 2013 7 9 83.2916666666667 4.42234850415245
"2013-07-10" 2013 7 10 36.8333333333333 3.6064032322897
"2013-07-11" 2013 7 11 41.25 3.71965111278069
"2013-07-12" 2013 7 12 72.7083333333333 4.28645600428858
"2013-07-13" 2013 7 13 107.708333333333 4.67942695659458
"2013-07-14" 2013 7 14 87.5 4.47163879336357
"2013-07-15" 2013 7 15 62.5 4.13516655674236
"2013-07-16" 2013 7 16 26.625 3.28185062402959
"2013-07-17" 2013 7 17 49.9565217391304 3.91115306191961
"2013-07-18" 2013 7 18 134.958333333333 4.90496608882338
"2013-07-19" 2013 7 19 123.583333333333 4.81691569234993
"2013-07-20" 2013 7 20 98.625 4.59132477916604
"2013-07-21" 2013 7 21 70.875 4.26091776204792
"2013-07-22" 2013 7 22 100.611111111111 4.61126269998725
"2013-07-23" 2013 7 23 43.3333333333333 3.76892216178747
"2013-07-24" 2013 7 24 40 3.68887945411394
"2013-07-25" 2013 7 25 33.2916666666667 3.50530711541833
"2013-07-26" 2013 7 26 55.3333333333333 4.01337549968843
"2013-07-27" 2013 7 27 111.458333333333 4.71365082898216
"2013-07-28" 2013 7 28 58.375 4.06688771598906
"2013-07-29" 2013 7 29 69.25 4.23772314506745
"2013-07-30" 2013 7 30 99.8333333333333 4.60350212888739
"2013-07-31" 2013 7 31 44.125 3.78702651525346
"2013-08-01" 2013 8 1 46.5833333333333 3.8412428233671
"2013-08-02" 2013 8 2 69.125 4.2359164598425
"2013-08-03" 2013 8 3 34.75 3.5481795720108
"2013-08-04" 2013 8 4 82.3333333333333 4.41077604795987
"2013-08-05" 2013 8 5 45.4166666666667 3.81587914487524
"2013-08-06" 2013 8 6 125.458333333333 4.83197369813379
"2013-08-07" 2013 8 7 31.375 3.44601139745195
"2013-08-08" 2013 8 8 32.2916666666667 3.4748091990054
"2013-08-09" 2013 8 9 37.3333333333333 3.61988658262699
"2013-08-10" 2013 8 10 88.875 4.48723088812341
"2013-08-11" 2013 8 11 122.291666666667 4.80640890191425
"2013-08-12" 2013 8 12 54.25 3.99360299242057
"2013-08-13" 2013 8 13 78.0416666666667 4.35724287209614
"2013-08-14" 2013 8 14 62.4583333333333 4.13449966775465
"2013-08-15" 2013 8 15 106 4.66343909411207
"2013-08-16" 2013 8 16 106.666666666667 4.66970870712566
"2013-08-17" 2013 8 17 38.875 3.6603513704994
"2013-08-18" 2013 8 18 15.8260869565217 2.76165965170759
"2013-08-19" 2013 8 19 25.7916666666667 3.25005144233665
"2013-08-20" 2013 8 20 94.304347826087 4.54652729489772
"2013-08-21" 2013 8 21 100.958333333333 4.61470789046858
"2013-08-22" 2013 8 22 121.238095238095 4.79775634139393
"2013-08-23" 2013 8 23 58.3333333333333 4.0661736852554
"2013-08-24" 2013 8 24 39.375 3.6731310971458
"2013-08-25" 2013 8 25 43.7916666666667 3.77944354052901
"2013-08-26" 2013 8 26 54.2083333333333 3.99283464816456
"2013-08-27" 2013 8 27 53.6666666666667 3.98279207631635
"2013-08-28" 2013 8 28 76.2083333333333 4.33347081804292
"2013-08-29" 2013 8 29 32 3.46573590279973
"2013-08-30" 2013 8 30 16.8 2.82137888640921
"2013-08-31" 2013 8 31 24.625 3.20376218705815
"2013-09-01" 2013 9 1 49.125 3.89436807018943
"2013-09-02" 2013 9 2 60.3333333333333 4.09988474259772
"2013-09-03" 2013 9 3 101.708333333333 4.62210924004501
"2013-09-04" 2013 9 4 78.875 4.36786432086138
"2013-09-05" 2013 9 5 25.9166666666667 3.25488626239123
"2013-09-06" 2013 9 6 80.2916666666667 4.38566583806642
"2013-09-07" 2013 9 7 81.7083333333333 4.4031559958484
"2013-09-08" 2013 9 8 108.416666666667 4.6859818287245
"2013-09-09" 2013 9 9 87.5833333333333 4.47259072108895
"2013-09-10" 2013 9 10 67.1666666666667 4.20717709271863
"2013-09-11" 2013 9 11 72.2083333333333 4.27955545936766
"2013-09-12" 2013 9 12 150.791666666667 5.0158991932158
"2013-09-13" 2013 9 13 108.227272727273 4.68423339312855
"2013-09-14" 2013 9 14 69 4.23410650459726
"2013-09-15" 2013 9 15 24 3.17805383034795
"2013-09-16" 2013 9 16 60.5 4.1026433650368
"2013-09-17" 2013 9 17 103.666666666667 4.64118062351112
"2013-09-18" 2013 9 18 115.541666666667 4.74963121526783
"2013-09-19" 2013 9 19 123.75 4.8182634014488
"2013-09-20" 2013 9 20 65.125 4.17630850007353
"2013-09-21" 2013 9 21 51.4166666666667 3.93996237411739
"2013-09-22" 2013 9 22 95.6666666666667 4.56086992709151
"2013-09-23" 2013 9 23 38.8333333333333 3.65927898433765
"2013-09-24" 2013 9 24 14.6666666666667 2.68557734525015
"2013-09-25" 2013 9 25 18.125 2.89729220074074
"2013-09-26" 2013 9 26 59.9565217391304 4.09361966186415
"2013-09-27" 2013 9 27 193.708333333333 5.26635359134264
"2013-09-28" 2013 9 28 246.833333333333 5.50871334503974
"2013-09-29" 2013 9 29 226.625 5.42329666907502
"2013-09-30" 2013 9 30 147.75 4.99552165628621
"2013-10-01" 2013 10 1 71.4583333333333 4.26911452925209
"2013-10-02" 2013 10 2 19.5416666666667 2.97254893809833
"2013-10-03" 2013 10 3 61.0416666666667 4.11155669110322
"2013-10-04" 2013 10 4 168.166666666667 5.12495555112555
"2013-10-05" 2013 10 5 306 5.72358510195238
"2013-10-06" 2013 10 6 213.416666666667 5.36324643641152
"2013-10-07" 2013 10 7 91.2916666666667 4.51405950924752
"2013-10-08" 2013 10 8 63.5 4.15103990589865
"2013-10-09" 2013 10 9 146.5 4.98702542845712
"2013-10-10" 2013 10 10 81.5833333333333 4.40162499274251
"2013-10-11" 2013 10 11 59.2916666666667 4.08246876774191
"2013-10-12" 2013 10 12 70.4583333333333 4.25502151855063
"2013-10-13" 2013 10 13 57.3333333333333 4.04888218814534
"2013-10-14" 2013 10 14 37.8333333333333 3.63319054825335
"2013-10-15" 2013 10 15 23.2916666666667 3.14809564280715
"2013-10-16" 2013 10 16 64.0416666666667 4.15953391319065
"2013-10-17" 2013 10 17 162.833333333333 5.09272718281473
"2013-10-18" 2013 10 18 248.166666666667 5.51410056345595
"2013-10-19" 2013 10 19 68 4.21950770517611
"2013-10-20" 2013 10 20 29.5833333333333 3.38721113968742
"2013-10-21" 2013 10 21 100.166666666667 4.60683546530715
"2013-10-22" 2013 10 22 147.818181818182 4.99598301730939
"2013-10-23" 2013 10 23 25.75 3.24843462710975
"2013-10-24" 2013 10 24 23.75 3.16758253048065
"2013-10-25" 2013 10 25 47.2916666666667 3.85633409956756
"2013-10-26" 2013 10 26 73.375 4.29558327814826
"2013-10-27" 2013 10 27 228.541666666667 5.43171854236139
"2013-10-28" 2013 10 28 314.333333333333 5.75045399396535
"2013-10-29" 2013 10 29 29.875 3.39702201025167
"2013-10-30" 2013 10 30 98.7916666666667 4.59301325571746
"2013-10-31" 2013 10 31 167.375 5.12023680401134
"2013-11-01" 2013 11 1 217 5.37989735354046
"2013-11-02" 2013 11 2 286.791666666667 5.65875605205042
"2013-11-03" 2013 11 3 47.4583333333333 3.85985213309924
"2013-11-04" 2013 11 4 53.25 3.97499780458953
"2013-11-05" 2013 11 5 203.458333333333 5.31546123371372
"2013-11-06" 2013 11 6 113.666666666667 4.73327018861541
"2013-11-07" 2013 11 7 44.5 3.79548918917219
"2013-11-08" 2013 11 8 162.708333333333 5.09195923192584
"2013-11-09" 2013 11 9 96.875 4.57342148767351
"2013-11-10" 2013 11 10 19.3333333333333 2.96183072187831
"2013-11-11" 2013 11 11 41.625 3.72870094830061
"2013-11-12" 2013 11 12 62.5 4.13516655674236
"2013-11-13" 2013 11 13 198.291666666667 5.28973901077316
"2013-11-14" 2013 11 14 66.0416666666667 4.19028585596344
"2013-11-15" 2013 11 15 118.375 4.77385755150624
"2013-11-16" 2013 11 16 47.3333333333333 3.85721476893315
"2013-11-17" 2013 11 17 13.8333333333333 2.62708113856854
"2013-11-18" 2013 11 18 11.7083333333333 2.4603008389858
"2013-11-19" 2013 11 19 42.2173913043478 3.74283225236218
"2013-11-20" 2013 11 20 77.625 4.35188954025364
"2013-11-21" 2013 11 21 131 4.87519732320115
"2013-11-22" 2013 11 22 174.166666666667 5.16001269517086
"2013-11-23" 2013 11 23 221.695652173913 5.40130550512601
"2013-11-24" 2013 11 24 93.9583333333333 4.54285142158883
"2013-11-25" 2013 11 25 24.0833333333333 3.18152003832443
"2013-11-26" 2013 11 26 26.2083333333333 3.26607742635249
"2013-11-27" 2013 11 27 7.41666666666667 2.00372971994414
"2013-11-28" 2013 11 28 27.1666666666667 3.30199073157871
"2013-11-29" 2013 11 29 59.5416666666667 4.08667634758192
"2013-11-30" 2013 11 30 34.7083333333333 3.5469798118189
"2013-12-01" 2013 12 1 84.7083333333333 4.4392139832804
"2013-12-02" 2013 12 2 136.583333333333 4.91693492895583
"2013-12-03" 2013 12 3 89.75 4.49702802736839
"2013-12-04" 2013 12 4 112.75 4.72517297838279
"2013-12-05" 2013 12 5 49.2916666666667 3.89775503363044
"2013-12-06" 2013 12 6 164.916666666667 5.10544029581457
"2013-12-07" 2013 12 7 348.5 5.85363823020058
"2013-12-08" 2013 12 8 214.416666666667 5.36792116249374
"2013-12-09" 2013 12 9 19.4583333333333 2.96827542732095
"2013-12-10" 2013 12 10 27.25 3.30505352110925
"2013-12-11" 2013 12 11 30.7916666666667 3.42724409060026
"2013-12-12" 2013 12 12 22.7083333333333 3.1227319643153
"2013-12-13" 2013 12 13 69.5416666666667 4.24192609331389
"2013-12-14" 2013 12 14 62.9166666666667 4.14181109946102
"2013-12-15" 2013 12 15 59.375 4.08387326235481
"2013-12-16" 2013 12 16 183.375 5.21153323646315
"2013-12-17" 2013 12 17 77.5 4.3502779363593
"2013-12-18" 2013 12 18 56.2916666666667 4.03054650761225
"2013-12-19" 2013 12 19 41.25 3.71965111278069
"2013-12-20" 2013 12 20 36.5 3.59731226058845
"2013-12-21" 2013 12 21 91.2916666666667 4.51405950924752
"2013-12-22" 2013 12 22 181.208333333333 5.19964738224969
"2013-12-23" 2013 12 23 145.75 4.9818928252306
"2013-12-24" 2013 12 24 316.75 5.75811281920125
"2013-12-25" 2013 12 25 170.125 5.13653346097163
"2013-12-26" 2013 12 26 14.625 2.68273239311792
"2013-12-27" 2013 12 27 32.625 3.48507886564286
"2013-12-28" 2013 12 28 21.7826086956522 3.08111188515572
"2013-12-29" 2013 12 29 53.3529411764706 3.97692910605892
"2013-12-30" 2013 12 30 45.2142857142857 3.81141309252892
"2013-12-31" 2013 12 31 49.3333333333333 3.89859998509601
"2014-01-01" 2014 1 1 58.4166666666667 4.06760123724659
"2014-01-02" 2014 1 2 167.625 5.12172934160184
"2014-01-03" 2014 1 3 54.4583333333333 3.99743588327628
"2014-01-04" 2014 1 4 154.875 5.04261833994931
"2014-01-05" 2014 1 5 101.416666666667 4.61923744319953
"2014-01-06" 2014 1 6 154.583333333333 5.04073332525354
"2014-01-07" 2014 1 7 112.875 4.72628101173715
"2014-01-08" 2014 1 8 21.4166666666667 3.06416943510722
"2014-01-09" 2014 1 9 33.125 3.50028828430639
"2014-01-10" 2014 1 10 81.2916666666667 4.39804351027517
"2014-01-11" 2014 1 11 152.625 5.02798393243087
"2014-01-12" 2014 1 12 28.5263157894737 3.35082702227321
"2014-01-13" 2014 1 13 127.875 4.85105322427179
"2014-01-14" 2014 1 14 119.458333333333 4.78296763553542
"2014-01-15" 2014 1 15 210.375 5.34889165251097
"2014-01-16" 2014 1 16 448.416666666667 6.10572285970142
"2014-01-17" 2014 1 17 154.5 5.0401940963378
"2014-01-18" 2014 1 18 76.75 4.34055338646731
"2014-01-19" 2014 1 19 124.75 4.82631173463163
"2014-01-20" 2014 1 20 10.25 2.32727770558442
"2014-01-21" 2014 1 21 47.2083333333333 3.85457043068006
"2014-01-22" 2014 1 22 162.954545454545 5.0934712996754
"2014-01-23" 2014 1 23 288.416666666667 5.66440619384734
"2014-01-24" 2014 1 24 152.375 5.02634458780144
"2014-01-25" 2014 1 25 33.7083333333333 3.51774508671055
"2014-01-26" 2014 1 26 59 4.07753744390572
"2014-01-27" 2014 1 27 96.1666666666667 4.56608279728004
"2014-01-28" 2014 1 28 46.5833333333333 3.8412428233671
"2014-01-29" 2014 1 29 149.291666666667 5.00590188695701
"2014-01-30" 2014 1 30 71.3333333333333 4.26736372635374
"2014-01-31" 2014 1 31 166.208333333333 5.11324202155746
"2014-02-01" 2014 2 1 155.083333333333 5.04396260685425
"2014-02-02" 2014 2 2 68.9166666666667 4.23289804523569
"2014-02-03" 2014 2 3 7.125 1.96360972615471
"2014-02-04" 2014 2 4 29.9583333333333 3.3998075273731
"2014-02-05" 2014 2 5 103.833333333333 4.6427870495594
"2014-02-06" 2014 2 6 143.25 4.96459135559485
"2014-02-07" 2014 2 7 102.875 4.63351465899723
"2014-02-08" 2014 2 8 56 4.02535169073515
"2014-02-09" 2014 2 9 13.4583333333333 2.59959849287471
"2014-02-10" 2014 2 10 26.2083333333333 3.26607742635249
"2014-02-11" 2014 2 11 131.25 4.87710390147173
"2014-02-12" 2014 2 12 145.583333333333 4.98074866034606
"2014-02-13" 2014 2 13 210.958333333333 5.35166064162196
"2014-02-14" 2014 2 14 299.666666666667 5.70267074580351
"2014-02-15" 2014 2 15 363.791666666667 5.89658135946286
"2014-02-16" 2014 2 16 264.833333333333 5.57910069730866
"2014-02-17" 2014 2 17 75.7916666666667 4.32798834817018
"2014-02-18" 2014 2 18 70.2608695652174 4.25221502315189
"2014-02-19" 2014 2 19 79.8333333333333 4.37994112818286
"2014-02-20" 2014 2 20 271 5.6021188208797
"2014-02-21" 2014 2 21 330.416666666667 5.80035448428095
"2014-02-22" 2014 2 22 335.541666666667 5.8157461414476
"2014-02-23" 2014 2 23 295.95652173913 5.6902125575188
"2014-02-24" 2014 2 24 352.583333333333 5.86528700093207
"2014-02-25" 2014 2 25 449.75 6.10869187283064
"2014-02-26" 2014 2 26 386.416666666667 5.95691623460346
"2014-02-27" 2014 2 27 20.375 3.01430865912693
"2014-02-28" 2014 2 28 102.666666666667 4.63148749430546
"2014-03-01" 2014 3 1 83.125 4.42034549897602
"2014-03-02" 2014 3 2 162.125 5.08836764263661
"2014-03-03" 2014 3 3 243.541666666667 5.49528804355822
"2014-03-04" 2014 3 4 49.2916666666667 3.89775503363044
"2014-03-05" 2014 3 5 24.875 3.21386328304466
"2014-03-06" 2014 3 6 20.375 3.01430865912693
"2014-03-07" 2014 3 7 61.5 4.11903717481247
"2014-03-08" 2014 3 8 175.75 5.16906253069077
"2014-03-09" 2014 3 9 119.75 4.78540623629103
"2014-03-10" 2014 3 10 108.5 4.68675017298051
"2014-03-11" 2014 3 11 195.791666666667 5.27705116875487
"2014-03-12" 2014 3 12 19.1666666666667 2.9531726591352
"2014-03-13" 2014 3 13 22.25 3.10234200861225
"2014-03-14" 2014 3 14 24.875 3.21386328304466
"2014-03-15" 2014 3 15 114.583333333333 4.74130236031267
"2014-03-16" 2014 3 16 122.291666666667 4.80640890191425
"2014-03-17" 2014 3 17 85.8333333333333 4.45240743143568
"2014-03-18" 2014 3 18 40.4166666666667 3.69924224114948
"2014-03-19" 2014 3 19 58.6666666666667 4.07187170637004
"2014-03-20" 2014 3 20 10.1666666666667 2.31911439494526
"2014-03-21" 2014 3 21 28.5652173913043 3.35218980255546
"2014-03-22" 2014 3 22 66.125 4.19154689017846
"2014-03-23" 2014 3 23 158.666666666667 5.06680556556331
"2014-03-24" 2014 3 24 245.708333333333 5.50414519565256
"2014-03-25" 2014 3 25 224.208333333333 5.41257567914147
"2014-03-26" 2014 3 26 317.875 5.76165822374228
"2014-03-27" 2014 3 27 257.416666666667 5.55069604313058
"2014-03-28" 2014 3 28 151.458333333333 5.02031055961967
"2014-03-29" 2014 3 29 38.7916666666667 3.65820544692912
"2014-03-30" 2014 3 30 34.2916666666667 3.53490237032912
"2014-03-31" 2014 3 31 155.291666666667 5.04530506913131
"2014-04-01" 2014 4 1 130.291666666667 4.8697755271099
"2014-04-02" 2014 4 2 105.458333333333 4.65831593019718
"2014-04-03" 2014 4 3 23.375 3.15166707517475
"2014-04-04" 2014 4 4 32.2916666666667 3.4748091990054
"2014-04-05" 2014 4 5 26.5 3.27714473299218
"2014-04-06" 2014 4 6 57.7916666666667 4.05684458996689
"2014-04-07" 2014 4 7 99.9583333333333 4.60475343249175
"2014-04-08" 2014 4 8 168.041666666667 5.12421196452542
"2014-04-09" 2014 4 9 146.583333333333 4.98759409494956
"2014-04-10" 2014 4 10 86.2173913043478 4.45687191259065
"2014-04-11" 2014 4 11 61.4166666666667 4.11768124240134
"2014-04-12" 2014 4 12 119.625 4.78436184977312
"2014-04-13" 2014 4 13 163.25 5.09528276815654
"2014-04-14" 2014 4 14 238.181818181818 5.47303432395677
"2014-04-15" 2014 4 15 66.6666666666667 4.19970507787993
"2014-04-16" 2014 4 16 68.75 4.23047673654668
"2014-04-17" 2014 4 17 118.75 4.77702044291475
"2014-04-18" 2014 4 18 142.708333333333 4.96080292034838
"2014-04-19" 2014 4 19 64 4.15888308335967
"2014-04-20" 2014 4 20 68.25 4.22317743406507
"2014-04-21" 2014 4 21 50.7916666666667 3.92773229913333
"2014-04-22" 2014 4 22 77.4166666666667 4.34920208902584
"2014-04-23" 2014 4 23 121.208333333333 4.79751082814726
"2014-04-24" 2014 4 24 113.666666666667 4.73327018861541
"2014-04-25" 2014 4 25 121.041666666667 4.79613483893807
"2014-04-26" 2014 4 26 39.5416666666667 3.67735496826198
"2014-04-27" 2014 4 27 67.3333333333333 4.2096554087331
"2014-04-28" 2014 4 28 69.125 4.2359164598425
"2014-04-29" 2014 4 29 105.708333333333 4.66068372925134
"2014-04-30" 2014 4 30 111.875 4.71738217659502
"2014-05-01" 2014 5 1 121.583333333333 4.80059989873479
"2014-05-02" 2014 5 2 37.7916666666667 3.63208861976719
"2014-05-03" 2014 5 3 81.0833333333333 4.39547743239801
"2014-05-04" 2014 5 4 47.4166666666667 3.85897378433833
"2014-05-05" 2014 5 5 46.625 3.84213687796398
"2014-05-06" 2014 5 6 101.5 4.62005879848184
"2014-05-07" 2014 5 7 89.4166666666667 4.4933070928427
"2014-05-08" 2014 5 8 87.75 4.47449186234598
"2014-05-09" 2014 5 9 67.625 4.21397773716665
"2014-05-10" 2014 5 10 54.375 3.99590448940885
"2014-05-11" 2014 5 11 30.6666666666667 3.42317628838093
"2014-05-12" 2014 5 12 47.3333333333333 3.85721476893315
"2014-05-13" 2014 5 13 58.6666666666667 4.07187170637004
"2014-05-14" 2014 5 14 22.875 3.13004461116159
"2014-05-15" 2014 5 15 85.875 4.45289275054251
"2014-05-16" 2014 5 16 74.9166666666667 4.31637638468362
"2014-05-17" 2014 5 17 67.7083333333333 4.21520926441589
"2014-05-18" 2014 5 18 102.916666666667 4.63391959927408
"2014-05-19" 2014 5 19 112.875 4.72628101173715
"2014-05-20" 2014 5 20 85.8636363636364 4.45276041414319
"2014-05-21" 2014 5 21 102 4.62497281328427
"2014-05-22" 2014 5 22 136.458333333333 4.91601931772141
"2014-05-23" 2014 5 23 80.9166666666667 4.39341981850332
"2014-05-24" 2014 5 24 89.625 4.49563429891978
"2014-05-25" 2014 5 25 71.4166666666667 4.26853126880978
"2014-05-26" 2014 5 26 20.4166666666667 3.01635156075673
"2014-05-27" 2014 5 27 29.9166666666667 3.39841573870028
"2014-05-28" 2014 5 28 31.4166666666667 3.44733853766001
"2014-05-29" 2014 5 29 46.8333333333333 3.84659520010569
"2014-05-30" 2014 5 30 90.9583333333333 4.510401526202
"2014-05-31" 2014 5 31 115.75 4.75143269296634
"2014-06-01" 2014 6 1 50.7083333333333 3.92609026263958
"2014-06-02" 2014 6 2 33.4166666666667 3.50905477751857
"2014-06-03" 2014 6 3 41.4583333333333 3.72468890681065
"2014-06-04" 2014 6 4 63.6521739130435 4.15343347859211
"2014-06-05" 2014 6 5 67.8695652173913 4.21758770458628
"2014-06-06" 2014 6 6 55.3478260869565 4.01363738262826
"2014-06-07" 2014 6 7 12.5217391304348 2.5274662642068
"2014-06-08" 2014 6 8 36.2173913043478 3.58953942623769
"2014-06-09" 2014 6 9 30.3333333333333 3.41224721784874
"2014-06-10" 2014 6 10 78.0416666666667 4.35724287209614
"2014-06-11" 2014 6 11 43.9166666666667 3.78229389875336
"2014-06-12" 2014 6 12 31.625 3.45394794704768
"2014-06-13" 2014 6 13 59.7083333333333 4.08947159748023
"2014-06-14" 2014 6 14 47.5 3.8607297110406
"2014-06-15" 2014 6 15 115.666666666667 4.75071249127875
"2014-06-16" 2014 6 16 138.5 4.93087032562739
"2014-06-17" 2014 6 17 75.875 4.32908724937966
"2014-06-18" 2014 6 18 71.3809523809524 4.26803106037918
"2014-06-19" 2014 6 19 123.833333333333 4.8189365754897
"2014-06-20" 2014 6 20 45.875 3.82592030637473
"2014-06-21" 2014 6 21 54.5416666666667 3.99896493556195
"2014-06-22" 2014 6 22 33.7916666666667 3.52021422376747
"2014-06-23" 2014 6 23 23.0416666666667 3.13730417117439
"2014-06-24" 2014 6 24 54.0833333333333 3.99052606691609
"2014-06-25" 2014 6 25 97.1666666666667 4.57642771712244
"2014-06-26" 2014 6 26 116.833333333333 4.76074841780653
"2014-06-27" 2014 6 27 17.2083333333333 2.84539376261309
"2014-06-28" 2014 6 28 20.25 3.00815479355255
"2014-06-29" 2014 6 29 49.75 3.9070104636046
"2014-06-30" 2014 6 30 69.625 4.24312369824745
"2014-07-01" 2014 7 1 101.583333333333 4.62087947969327
"2014-07-02" 2014 7 2 69.5 4.24132675257075
"2014-07-03" 2014 7 3 217.5 5.38219885052874
"2014-07-04" 2014 7 4 199.208333333333 5.29435117827816
"2014-07-05" 2014 7 5 121.291666666667 4.79819811339768
"2014-07-06" 2014 7 6 191.291666666667 5.25379931390128
"2014-07-07" 2014 7 7 149.875 5.00980161334768
"2014-07-08" 2014 7 8 81.375 4.39906810052873
"2014-07-09" 2014 7 9 24.625 3.20376218705815
"2014-07-10" 2014 7 10 31.375 3.44601139745195
"2014-07-11" 2014 7 11 30.8333333333333 3.42859635585027
"2014-07-12" 2014 7 12 14.5263157894737 2.67596188655071
"2014-07-13" 2014 7 13 22.1666666666667 3.0985896589937
"2014-07-14" 2014 7 14 29.9166666666667 3.39841573870028
"2014-07-15" 2014 7 15 52.0833333333333 3.9528449999484
"2014-07-16" 2014 7 16 110.291666666667 4.70312837187916
"2014-07-17" 2014 7 17 146.791666666667 4.98901434799329
"2014-07-18" 2014 7 18 115.75 4.75143269296634
"2014-07-19" 2014 7 19 61.25 4.11496384942484
"2014-07-20" 2014 7 20 60.5416666666667 4.10333183322234
"2014-07-21" 2014 7 21 24.875 3.21386328304466
"2014-07-22" 2014 7 22 14.7727272727273 2.69278272897142
"2014-07-23" 2014 7 23 24.75 3.2088254890147
"2014-07-24" 2014 7 24 69.9583333333333 4.2478998267296
"2014-07-25" 2014 7 25 73.1666666666667 4.29273994384712
"2014-07-26" 2014 7 26 93 4.53259949315326
"2014-07-27" 2014 7 27 97.5833333333333 4.58070671380972
"2014-07-28" 2014 7 28 102.541666666667 4.63026922004311
"2014-07-29" 2014 7 29 107 4.67282883446191
"2014-07-30" 2014 7 30 137.916666666667 4.92664963802316
"2014-07-31" 2014 7 31 179.666666666667 5.19110328224089
"2014-08-01" 2014 8 1 127.75 4.85007522908381
"2014-08-02" 2014 8 2 96.625 4.57083750690759
"2014-08-03" 2014 8 3 102.916666666667 4.63391959927408
"2014-08-04" 2014 8 4 32 3.46573590279973
"2014-08-05" 2014 8 5 22.7916666666667 3.12639497207404
"2014-08-06" 2014 8 6 36.75 3.60413822565885
"2014-08-07" 2014 8 7 61.5833333333333 4.1203912711602
"2014-08-08" 2014 8 8 59.0416666666667 4.07824340934273
"2014-08-09" 2014 8 9 77.9166666666667 4.35563987950069
"2014-08-10" 2014 8 10 36.375 3.59388172549166
"2014-08-11" 2014 8 11 22.4166666666667 3.10980472981384
"2014-08-12" 2014 8 12 26.0833333333333 3.26129654075215
"2014-08-13" 2014 8 13 27 3.29583686600433
"2014-08-14" 2014 8 14 28.4166666666667 3.34697582749552
"2014-08-15" 2014 8 15 43.4166666666667 3.77084339196537
"2014-08-16" 2014 8 16 65.375 4.18013992238509
"2014-08-17" 2014 8 17 48.0833333333333 3.8729356167201
"2014-08-18" 2014 8 18 56.4545454545455 4.03343580913511
"2014-08-19" 2014 8 19 77.2083333333333 4.34650739593741
"2014-08-20" 2014 8 20 91.9333333333333 4.52106367669109
"2014-08-21" 2014 8 21 117.541666666667 4.76679288065405
"2014-08-22" 2014 8 22 58.2083333333333 4.06402852890902
"2014-08-23" 2014 8 23 117.75 4.76856373289653
"2014-08-24" 2014 8 24 19.7916666666667 2.9852609736867
"2014-08-25" 2014 8 25 15.7916666666667 2.75948237473448
"2014-08-26" 2014 8 26 23.3333333333333 3.14988295338125
"2014-08-27" 2014 8 27 56.5416666666667 4.03497782948692
"2014-08-28" 2014 8 28 83.75 4.42783617070518
"2014-08-29" 2014 8 29 86.1666666666667 4.45628340528037
"2014-08-30" 2014 8 30 149.208333333333 5.00534353965049
"2014-08-31" 2014 8 31 89.4583333333333 4.49377296753084
"2014-09-01" 2014 9 1 112.375 4.72184149279178
"2014-09-02" 2014 9 2 25.5416666666667 3.24031110558827
"2014-09-03" 2014 9 3 13.1666666666667 2.57768838323897
"2014-09-04" 2014 9 4 43.4166666666667 3.77084339196537
"2014-09-05" 2014 9 5 96.0833333333333 4.56521587048106
"2014-09-06" 2014 9 6 134.583333333333 4.90218358586876
"2014-09-07" 2014 9 7 141.416666666667 4.95171061544623
"2014-09-08" 2014 9 8 8.91666666666667 2.18792218467391
"2014-09-09" 2014 9 9 39.7916666666667 3.68365751013278
"2014-09-10" 2014 9 10 69.1666666666667 4.23651905100264
"2014-09-11" 2014 9 11 95.0833333333333 4.55475370007407
"2014-09-12" 2014 9 12 68.0833333333333 4.220732445072
"2014-09-13" 2014 9 13 64.5 4.16666522380173
"2014-09-14" 2014 9 14 44.5833333333333 3.79736009710801
"2014-09-15" 2014 9 15 18.0833333333333 2.89499070375246
"2014-09-16" 2014 9 16 47.4090909090909 3.85881400164246
"2014-09-17" 2014 9 17 36.6666666666667 3.60186807712431
"2014-09-18" 2014 9 18 68.875 4.23229326747308
"2014-09-19" 2014 9 19 99.4347826086957 4.59950197809363
"2014-09-20" 2014 9 20 138.708333333333 4.93237340722708
"2014-09-21" 2014 9 21 89.7083333333333 4.49656366701642
"2014-09-22" 2014 9 22 108.875 4.69020043517267
"2014-09-23" 2014 9 23 63.9545454545455 4.15817260375607
"2014-09-24" 2014 9 24 33.5 3.51154543883102
"2014-09-25" 2014 9 25 121.25 4.79785452981759
"2014-09-26" 2014 9 26 140.291666666667 4.94372358881313
"2014-09-27" 2014 9 27 35.5833333333333 3.57187736344062
"2014-09-28" 2014 9 28 66.875 4.20282520521617
"2014-09-29" 2014 9 29 52.3333333333333 3.9576335166802
"2014-09-30" 2014 9 30 28.2916666666667 3.34256729721075
"2014-10-01" 2014 10 1 82.7083333333333 4.41532036277335
"2014-10-02" 2014 10 2 67.4166666666667 4.21089226727049
"2014-10-03" 2014 10 3 128.333333333333 4.85463104561967
"2014-10-04" 2014 10 4 84.5416666666667 4.43724450947787
"2014-10-05" 2014 10 5 33.8333333333333 3.52144650981373
"2014-10-06" 2014 10 6 36 3.58351893845611
"2014-10-07" 2014 10 7 152.583333333333 5.02771089488651
"2014-10-08" 2014 10 8 308.833333333333 5.73280175705731
"2014-10-09" 2014 10 9 378.041666666667 5.93500441882168
"2014-10-10" 2014 10 10 321.125 5.77183045543005
"2014-10-11" 2014 10 11 184.25 5.21629353106945
"2014-10-12" 2014 10 12 6.79166666666667 1.91569637045882
"2014-10-13" 2014 10 13 16.6666666666667 2.81341071676004
"2014-10-14" 2014 10 14 51.8333333333333 3.94803344295118
"2014-10-15" 2014 10 15 49.0416666666667 3.89267027691233
"2014-10-16" 2014 10 16 42.625 3.75244093560368
"2014-10-17" 2014 10 17 117.583333333333 4.76714730206481
"2014-10-18" 2014 10 18 211.583333333333 5.35461893191668
"2014-10-19" 2014 10 19 273.958333333333 5.61297602669802
"2014-10-20" 2014 10 20 209.391304347826 5.34420477105951
"2014-10-21" 2014 10 21 45.2083333333333 3.81128143562661
"2014-10-22" 2014 10 22 94.875 4.55256023571579
"2014-10-23" 2014 10 23 147.25 4.9921318225317
"2014-10-24" 2014 10 24 267.833333333333 5.59036489650946
"2014-10-25" 2014 10 25 366.958333333333 5.90524830845751
"2014-10-26" 2014 10 26 71.5 4.26969744969996
"2014-10-27" 2014 10 27 33 3.49650756146648
"2014-10-28" 2014 10 28 69.3333333333333 4.23892579103321
"2014-10-29" 2014 10 29 135.583333333333 4.90958645743104
"2014-10-30" 2014 10 30 190.166666666667 5.24790088063402
"2014-10-31" 2014 10 31 185.5 5.22305488204749
"2014-11-01" 2014 11 1 43.2083333333333 3.76603337788158
"2014-11-02" 2014 11 2 7.95833333333333 2.07421959769868
"2014-11-03" 2014 11 3 27.2083333333333 3.30352329892849
"2014-11-04" 2014 11 4 131.708333333333 4.88058988186767
"2014-11-05" 2014 11 5 70.0833333333333 4.24968501018495
"2014-11-06" 2014 11 6 15.4347826086957 2.73662357354627
"2014-11-07" 2014 11 7 53.0833333333333 3.97186300578416
"2014-11-08" 2014 11 8 80.25 4.38514676201012
"2014-11-09" 2014 11 9 65.5 4.18205014264121
"2014-11-10" 2014 11 10 81.3333333333333 4.39855593662509
"2014-11-11" 2014 11 11 43.7083333333333 3.77753877804835
"2014-11-12" 2014 11 12 6.54166666666667 1.87819197500036
"2014-11-13" 2014 11 13 27.0434782608696 3.29744587681003
"2014-11-14" 2014 11 14 46.1666666666667 3.83225803695928
"2014-11-15" 2014 11 15 173.791666666667 5.157857263849
"2014-11-16" 2014 11 16 111.5 4.71402459090017
"2014-11-17" 2014 11 17 26.7083333333333 3.28497562657272
"2014-11-18" 2014 11 18 91 4.51085950651685
"2014-11-19" 2014 11 19 327.041666666667 5.79008758377887
"2014-11-20" 2014 11 20 328.85 5.79560171974736
"2014-11-21" 2014 11 21 74.3125 4.308279174451
"2014-11-22" 2014 11 22 48.0833333333333 3.8729356167201
"2014-11-23" 2014 11 23 133.583333333333 4.89472550282155
"2014-11-24" 2014 11 24 89.875 4.49841981604121
"2014-11-25" 2014 11 25 182.875 5.20880285934029
"2014-11-26" 2014 11 26 308.291666666667 5.7310463045776
"2014-11-27" 2014 11 27 62.25 4.13115853534482
"2014-11-28" 2014 11 28 103.083333333333 4.63553772260449
"2014-11-29" 2014 11 29 302.5 5.7120812774709
"2014-11-30" 2014 11 30 83.3333333333333 4.42284862919414
"2014-12-01" 2014 12 1 13.6666666666667 2.6149597780362
"2014-12-02" 2014 12 2 56.2916666666667 4.03054650761225
"2014-12-03" 2014 12 3 20.7083333333333 3.03053619574868
"2014-12-04" 2014 12 4 9 2.19722457733622
"2014-12-05" 2014 12 5 44.8636363636364 3.80362758607517
"2014-12-06" 2014 12 6 68.9583333333333 4.23350245746322
"2014-12-07" 2014 12 7 51.75 3.94642443214548
"2014-12-08" 2014 12 8 58.2222222222222 4.06426710698482
"2014-12-09" 2014 12 9 358.615384615385 5.88225046213417
"2014-12-10" 2014 12 10 130.75 4.87328710294503
"2014-12-11" 2014 12 11 24.375 3.19355801688391
"2014-12-12" 2014 12 12 13.875 2.6300886596325
"2014-12-13" 2014 12 13 51.3333333333333 3.93834031374552
"2014-12-14" 2014 12 14 102.458333333333 4.62945621186825
"2014-12-15" 2014 12 15 82.0416666666667 4.40722724829118
"2014-12-16" 2014 12 16 11.25 2.42036812865043
"2014-12-17" 2014 12 17 104.833333333333 4.65237178747239
"2014-12-18" 2014 12 18 173.166666666667 5.15425452187117
"2014-12-19" 2014 12 19 66.625 4.19907988248601
"2014-12-20" 2014 12 20 9.93333333333333 2.29589610484325
"2014-12-21" 2014 12 21 20.5416666666667 3.02245534369474
"2014-12-22" 2014 12 22 98.9583333333333 4.5946988861208
"2014-12-23" 2014 12 23 96.5 4.56954300834494
"2014-12-24" 2014 12 24 14.4166666666667 2.66838494470978
"2014-12-25" 2014 12 25 30.0416666666667 3.402585306937
"2014-12-26" 2014 12 26 173.166666666667 5.15425452187117
"2014-12-27" 2014 12 27 247.916666666667 5.51309266819173
"2014-12-28" 2014 12 28 196.416666666667 5.28023825314813
"2014-12-29" 2014 12 29 151.791666666667 5.02250896666062
"2014-12-30" 2014 12 30 38.625 3.65389973521791
"2014-12-31" 2014 12 31 10.4583333333333 2.34739910878384
"2015-01-01" 2015 1 1 54.5833333333333 3.99972858584725
"2015-01-02" 2015 1 2 63.5416666666667 4.15169585869357
"2015-01-03" 2015 1 3 209.25 5.34352970936958
"2015-01-04" 2015 1 4 201.166666666667 5.30413375186948
"2015-01-05" 2015 1 5 90.875 4.50948493585368
"2015-01-06" 2015 1 6 43.1666666666667 3.76506859247148
"2015-01-07" 2015 1 7 73.6666666666667 4.29955041284964
"2015-01-08" 2015 1 8 168.25 5.12545096852484
"2015-01-09" 2015 1 9 99.7916666666667 4.60308467949707
"2015-01-10" 2015 1 10 178.75 5.18598818157412
"2015-01-11" 2015 1 11 34.7083333333333 3.5469798118189
"2015-01-12" 2015 1 12 109.166666666667 4.6928757664072
"2015-01-13" 2015 1 13 194.541666666667 5.27064636462299
"2015-01-14" 2015 1 14 238.083333333333 5.47262075244277
"2015-01-15" 2015 1 15 374.826086956522 5.92646215028078
"2015-01-16" 2015 1 16 88.5 4.48300255201388
"2015-01-17" 2015 1 17 72.3333333333333 4.28128506487235
"2015-01-18" 2015 1 18 78.0416666666667 4.35724287209614
"2015-01-19" 2015 1 19 50 3.91202300542815
"2015-01-20" 2015 1 20 89 4.48863636973214
"2015-01-21" 2015 1 21 16.4583333333333 2.80083193455318
"2015-01-22" 2015 1 22 122.291666666667 4.80640890191425
"2015-01-23" 2015 1 23 227.166666666667 5.42568396246848
"2015-01-24" 2015 1 24 80.0416666666667 4.38254733242061
"2015-01-25" 2015 1 25 126.521739130435 4.84041414423639
"2015-01-26" 2015 1 26 88 4.47733681447821
"2015-01-27" 2015 1 27 20.9166666666667 3.04054628934378
"2015-01-28" 2015 1 28 45.3333333333333 3.81404259706794
"2015-01-29" 2015 1 29 58.625 4.07116122676644
"2015-01-30" 2015 1 30 11.375 2.43141796483701
"2015-01-31" 2015 1 31 39.7619047619048 3.68290928712743
"2015-02-01" 2015 2 1 84.9583333333333 4.44216094022651
"2015-02-02" 2015 2 2 152.708333333333 5.02852978397281
"2015-02-03" 2015 2 3 106.130434782609 4.66466885446381
"2015-02-04" 2015 2 4 10.9166666666667 2.39029067341315
"2015-02-05" 2015 2 5 27.8333333333333 3.3262343431887
"2015-02-06" 2015 2 6 73.5416666666667 4.29785213901945
"2015-02-07" 2015 2 7 8.95833333333333 2.19258419777972
"2015-02-08" 2015 2 8 29.2083333333333 3.37445405668664
"2015-02-09" 2015 2 9 118.875 4.77807252086555
"2015-02-10" 2015 2 10 131.375 4.87805582919712
"2015-02-11" 2015 2 11 47.8095238095238 3.86722486252825
"2015-02-12" 2015 2 12 35.5 3.56953269648137
"2015-02-13" 2015 2 13 147.826086956522 4.9960364946751
"2015-02-14" 2015 2 14 268.5 5.59285091394892
"2015-02-15" 2015 2 15 285.041666666667 5.65263536841305
"2015-02-16" 2015 2 16 110.875 4.70840344062974
"2015-02-17" 2015 2 17 27.4583333333333 3.31266970415456
"2015-02-18" 2015 2 18 47.4166666666667 3.85897378433833
"2015-02-19" 2015 2 19 192.782608695652 5.26156317424711
"2015-02-20" 2015 2 20 139.041666666667 4.93477364840343
"2015-02-21" 2015 2 21 147.375 4.99298035885753
"2015-02-22" 2015 2 22 42.7083333333333 3.75439406122456
"2015-02-23" 2015 2 23 57.4166666666667 4.05033462122566
"2015-02-24" 2015 2 24 169.25 5.13137691179238
"2015-02-25" 2015 2 25 61.9583333333333 4.12646211611221
"2015-02-26" 2015 2 26 15.2916666666667 2.72730801770662
"2015-02-27" 2015 2 27 26.8333333333333 3.28964489575641
"2015-02-28" 2015 2 28 141.458333333333 4.95200520964485
"2015-03-01" 2015 3 1 39.625 3.67946023219744
"2015-03-02" 2015 3 2 63.9166666666667 4.15758015157926
"2015-03-03" 2015 3 3 7.75 2.04769284336526
"2015-03-04" 2015 3 4 24.25 3.18841661738349
"2015-03-05" 2015 3 5 112.291666666667 4.72109965299515
"2015-03-06" 2015 3 6 207.791666666667 5.33653597519818
"2015-03-07" 2015 3 7 228.041666666667 5.42952836079597
"2015-03-08" 2015 3 8 113.958333333333 4.73583288450814
"2015-03-09" 2015 3 9 7.54166666666667 2.02044320091788
"2015-03-10" 2015 3 10 31.5 3.44998754583159
"2015-03-11" 2015 3 11 46.2916666666667 3.83496195929168
"2015-03-12" 2015 3 12 77.4583333333333 4.3497401573735
"2015-03-13" 2015 3 13 69.1666666666667 4.23651905100264
"2015-03-14" 2015 3 14 103.833333333333 4.6427870495594
"2015-03-15" 2015 3 15 118.125 4.77174338581391
"2015-03-16" 2015 3 16 216.125 5.37585694400345
"2015-03-17" 2015 3 17 194.791666666667 5.27193061137484
"2015-03-18" 2015 3 18 50.7916666666667 3.92773229913333
"2015-03-19" 2015 3 19 92.5833333333333 4.52810913985163
"2015-03-20" 2015 3 20 43.5416666666667 3.77371833405097
"2015-03-21" 2015 3 21 17.8333333333333 2.88106936523385
"2015-03-22" 2015 3 22 22.0416666666667 3.09293460151035
"2015-03-23" 2015 3 23 36.4583333333333 3.59617005600967
"2015-03-24" 2015 3 24 87.25 4.46877756108254
"2015-03-25" 2015 3 25 120.5 4.79164975293071
"2015-03-26" 2015 3 26 98.875 4.59385642608782
"2015-03-27" 2015 3 27 84.8571428571429 4.44096917030733
"2015-03-28" 2015 3 28 30.6666666666667 3.42317628838093
"2015-03-29" 2015 3 29 93.8095238095238 4.54126638400861
"2015-03-30" 2015 3 30 154.666666666667 5.04127226355815
"2015-03-31" 2015 3 31 125.958333333333 4.83595116443151
"2015-04-01" 2015 4 1 53.875 3.98666654842391
"2015-04-02" 2015 4 2 35.8333333333333 3.57887855889961
"2015-04-03" 2015 4 3 31.1666666666667 3.43934914762653
"2015-04-04" 2015 4 4 66.5 4.19720194766181
"2015-04-05" 2015 4 5 56.4166666666667 4.03276462312428
"2015-04-06" 2015 4 6 21.6875 3.07673605770708
"2015-04-07" 2015 4 7 25.75 3.24843462710975
"2015-04-08" 2015 4 8 102.625 4.63108156777259
"2015-04-09" 2015 4 9 166.75 5.11649568479573
"2015-04-10" 2015 4 10 157.583333333333 5.05995441887046
"2015-04-11" 2015 4 11 150.25 5.01230057341532
"2015-04-12" 2015 4 12 17.4583333333333 2.85981708957419
"2015-04-13" 2015 4 13 36.7916666666667 3.60527137025601
"2015-04-14" 2015 4 14 64.4583333333333 4.16601902022512
"2015-04-15" 2015 4 15 156.916666666667 5.05571487886915
"2015-04-16" 2015 4 16 36.3913043478261 3.59432985456033
"2015-04-17" 2015 4 17 79.5416666666667 4.3762809933778
"2015-04-18" 2015 4 18 138.5 4.93087032562739
"2015-04-19" 2015 4 19 61.0416666666667 4.11155669110322
"2015-04-20" 2015 4 20 74.7083333333333 4.31359164325719
"2015-04-21" 2015 4 21 61.5 4.11903717481247
"2015-04-22" 2015 4 22 53.7083333333333 3.98356817259124
"2015-04-23" 2015 4 23 57.2083333333333 4.04669957542003
"2015-04-24" 2015 4 24 62.375 4.13316455407168
"2015-04-25" 2015 4 25 89.9166666666667 4.49888331547013
"2015-04-26" 2015 4 26 109.166666666667 4.6928757664072
"2015-04-27" 2015 4 27 91.4166666666667 4.51542781048723
"2015-04-28" 2015 4 28 49.9583333333333 3.91118932467957
"2015-04-29" 2015 4 29 118.458333333333 4.77456128130305
"2015-04-30" 2015 4 30 116.875 4.76110498760885
"2015-05-01" 2015 5 1 120.791666666667 4.79406729857371
"2015-05-02" 2015 5 2 45.125 3.80943641665304
"2015-05-03" 2015 5 3 48.125 3.87380179260795
"2015-05-04" 2015 5 4 25.0833333333333 3.22220361496088
"2015-05-05" 2015 5 5 49.8333333333333 3.90868410416263
"2015-05-06" 2015 5 6 25.0833333333333 3.22220361496088
"2015-05-07" 2015 5 7 50.4166666666667 3.92032180824284
"2015-05-08" 2015 5 8 55.8333333333333 4.02237106259701
"2015-05-09" 2015 5 9 37.5238095238095 3.62497565213446
"2015-05-10" 2015 5 10 42.875 3.7582889054861
"2015-05-11" 2015 5 11 27.4347826086957 3.31181164661206
"2015-05-12" 2015 5 12 33.8333333333333 3.52144650981373
"2015-05-13" 2015 5 13 74.375 4.30911986386579
"2015-05-14" 2015 5 14 20.625 3.02650393222074
"2015-05-15" 2015 5 15 32.25 3.47351804324178
"2015-05-16" 2015 5 16 50.4166666666667 3.92032180824284
"2015-05-17" 2015 5 17 133.375 4.89316470962192
"2015-05-18" 2015 5 18 59.6666666666667 4.08877351717264
"2015-05-19" 2015 5 19 12.6666666666667 2.53897387105828
"2015-05-20" 2015 5 20 15.75 2.75684036527164
"2015-05-21" 2015 5 21 36.7916666666667 3.60527137025601
"2015-05-22" 2015 5 22 63.5 4.15103990589865
"2015-05-23" 2015 5 23 98.1666666666667 4.58666671442353
"2015-05-24" 2015 5 24 114.875 4.74384458067585
"2015-05-25" 2015 5 25 96.25 4.56694897316789
"2015-05-26" 2015 5 26 83.1666666666667 4.42084662652346
"2015-05-27" 2015 5 27 99.9166666666667 4.60433650523951
"2015-05-28" 2015 5 28 108.5 4.68675017298051
"2015-05-29" 2015 5 29 71.3333333333333 4.26736372635374
"2015-05-30" 2015 5 30 66.7916666666667 4.20157832226161
"2015-05-31" 2015 5 31 59.4166666666667 4.0845747706263
"2015-06-01" 2015 6 1 105.25 4.65633847256249
"2015-06-02" 2015 6 2 36.5833333333333 3.59959276328717
"2015-06-03" 2015 6 3 35.1666666666667 3.56009866424801
"2015-06-04" 2015 6 4 47.375 3.85809466340259
"2015-06-05" 2015 6 5 49.0833333333333 3.89351953386359
"2015-06-06" 2015 6 6 22.8333333333333 3.12822145660007
"2015-06-07" 2015 6 7 16.125 2.78037086268184
"2015-06-08" 2015 6 8 19.4166666666667 2.9661318037777
"2015-06-09" 2015 6 9 53.1666666666667 3.97343163355679
"2015-06-10" 2015 6 10 75.4166666666667 4.32302829391193
"2015-06-11" 2015 6 11 22.1666666666667 3.0985896589937
"2015-06-12" 2015 6 12 6.625 1.89085037187229
"2015-06-13" 2015 6 13 15.8095238095238 2.76061253119307
"2015-06-14" 2015 6 14 19.1666666666667 2.9531726591352
"2015-06-15" 2015 6 15 83.304347826087 4.42250074260166
"2015-06-16" 2015 6 16 94.375 4.54727620756919
"2015-06-17" 2015 6 17 37.625 3.62766872306904
"2015-06-18" 2015 6 18 19.5416666666667 2.97254893809833
"2015-06-19" 2015 6 19 22.0416666666667 3.09293460151035
"2015-06-20" 2015 6 20 24.375 3.19355801688391
"2015-06-21" 2015 6 21 42.7916666666667 3.75634337958061
"2015-06-22" 2015 6 22 82.5833333333333 4.41380788454199
"2015-06-23" 2015 6 23 157.666666666667 5.06048309982382
"2015-06-24" 2015 6 24 89.0833333333333 4.48957226123705
"2015-06-25" 2015 6 25 95.8333333333333 4.5626105715693
"2015-06-26" 2015 6 26 76 4.33073334028633
"2015-06-27" 2015 6 27 72.7916666666667 4.28760147978611
"2015-06-28" 2015 6 28 117.583333333333 4.76714730206481
"2015-06-29" 2015 6 29 88.3333333333333 4.48111753731811
"2015-06-30" 2015 6 30 12.7916666666667 2.54879391723925
"2015-07-01" 2015 7 1 17.375 2.85503239145086
"2015-07-02" 2015 7 2 8.375 2.12525107771113
"2015-07-03" 2015 7 3 25.1666666666667 3.22552036758687
"2015-07-04" 2015 7 4 32.2608695652174 3.47385502723823
"2015-07-05" 2015 7 5 54.625 4.00049165341575
"2015-07-06" 2015 7 6 57.875 4.0582855124064
"2015-07-07" 2015 7 7 57.75 4.0561233494019
"2015-07-08" 2015 7 8 99.875 4.60391940408644
"2015-07-09" 2015 7 9 59.0833333333333 4.07894887674413
"2015-07-10" 2015 7 10 43.8333333333333 3.78039456294971
"2015-07-11" 2015 7 11 85.8333333333333 4.45240743143568
"2015-07-12" 2015 7 12 91.5833333333333 4.51724930461562
"2015-07-13" 2015 7 13 43.5416666666667 3.77371833405097
"2015-07-14" 2015 7 14 32.9565217391304 3.49518916971322
"2015-07-15" 2015 7 15 35.75 3.57655026914002
"2015-07-16" 2015 7 16 37.2916666666667 3.61876988792691
"2015-07-17" 2015 7 17 35.9583333333333 3.58236086073548
"2015-07-18" 2015 7 18 42.8333333333333 3.75731661566716
"2015-07-19" 2015 7 19 69.7916666666667 4.24551461391122
"2015-07-20" 2015 7 20 83.0416666666667 4.41934248986485
"2015-07-21" 2015 7 21 107.916666666667 4.68135932434564
"2015-07-22" 2015 7 22 53.2083333333333 3.97421502568459
"2015-07-23" 2015 7 23 43.4166666666667 3.77084339196537
"2015-07-24" 2015 7 24 52.0416666666667 3.95204467977763
"2015-07-25" 2015 7 25 80.9166666666667 4.39341981850332
"2015-07-26" 2015 7 26 102.833333333333 4.63310955467733
"2015-07-27" 2015 7 27 57 4.04305126783455
"2015-07-28" 2015 7 28 50.6666666666667 3.92526823217817
"2015-07-29" 2015 7 29 81.125 4.39599117502425
"2015-07-30" 2015 7 30 37.875 3.63429126382953
"2015-07-31" 2015 7 31 23.9166666666667 3.17457556597162
"2015-08-01" 2015 8 1 72.4583333333333 4.28301168400634
"2015-08-02" 2015 8 2 65.375 4.18013992238509
"2015-08-03" 2015 8 3 60.5833333333333 4.10401982774552
"2015-08-04" 2015 8 4 20.9166666666667 3.04054628934378
"2015-08-05" 2015 8 5 71 4.26267987704132
"2015-08-06" 2015 8 6 57.5416666666667 4.05250932306135
"2015-08-07" 2015 8 7 82.3333333333333 4.41077604795987
"2015-08-08" 2015 8 8 45.75 3.82319179172153
"2015-08-09" 2015 8 9 54.3333333333333 3.99513791213865
"2015-08-10" 2015 8 10 45.625 3.82045581190266
"2015-08-11" 2015 8 11 87.0416666666667 4.46638693120862
"2015-08-12" 2015 8 12 83.125 4.42034549897602
"2015-08-13" 2015 8 13 109.125 4.69249401415977
"2015-08-14" 2015 8 14 58.4583333333333 4.06831424975452
"2015-08-15" 2015 8 15 22.5833333333333 3.1172121710917
"2015-08-16" 2015 8 16 40.9583333333333 3.71255528979922
"2015-08-17" 2015 8 17 73.2083333333333 4.29330925783915
"2015-08-18" 2015 8 18 45.0434782608696 3.80762820689028
"2015-08-19" 2015 8 19 54 3.98898404656427
"2015-08-20" 2015 8 20 30.25 3.40949618447685
"2015-08-21" 2015 8 21 14.5833333333333 2.67987932413551
"2015-08-22" 2015 8 22 18.5416666666667 2.92002045181829
"2015-08-23" 2015 8 23 18.9166666666667 2.9400433676934
"2015-08-24" 2015 8 24 15.25 2.72457950305342
"2015-08-25" 2015 8 25 15.4583333333333 2.73814823225949
"2015-08-26" 2015 8 26 10.7916666666667 2.37877423135159
"2015-08-27" 2015 8 27 12.4583333333333 2.52238974304274
"2015-08-28" 2015 8 28 15.4166666666667 2.73544917529032
"2015-08-29" 2015 8 29 26.9583333333333 3.29429246415295
"2015-08-30" 2015 8 30 27.7916666666667 3.32473621556768
"2015-08-31" 2015 8 31 28.2083333333333 3.33961744256433
"2015-09-01" 2015 9 1 10.9166666666667 2.39029067341315
"2015-09-02" 2015 9 2 8.58333333333333 2.14982233844164
"2015-09-03" 2015 9 3 15.3333333333333 2.73002910782099
"2015-09-04" 2015 9 4 49.7916666666667 3.90784763401767
"2015-09-05" 2015 9 5 20.5833333333333 3.02448168683998
"2015-09-06" 2015 9 6 17.1666666666667 2.84296951900158
"2015-09-07" 2015 9 7 27.0416666666667 3.29737888635614
"2015-09-08" 2015 9 8 60.1666666666667 4.09711848910483
"2015-09-09" 2015 9 9 35.7916666666667 3.57771509163631
"2015-09-10" 2015 9 10 8.83333333333333 2.17853244432407
"2015-09-11" 2015 9 11 9 2.19722457733622
"2015-09-12" 2015 9 12 7.625 2.03143232249348
"2015-09-13" 2015 9 13 18.9583333333333 2.942243588603
"2015-09-14" 2015 9 14 52.4583333333333 3.9600192036964
"2015-09-15" 2015 9 15 105.875 4.66225915297222
"2015-09-16" 2015 9 16 127.166666666667 4.8454985620564
"2015-09-17" 2015 9 17 138.75 4.93267375262654
"2015-09-18" 2015 9 18 73.0416666666667 4.29103005457329
"2015-09-19" 2015 9 19 19.0416666666667 2.94662956054626
"2015-09-20" 2015 9 20 80.2916666666667 4.38566583806642
"2015-09-21" 2015 9 21 79.7083333333333 4.37837413909231
"2015-09-22" 2015 9 22 115.875 4.75251202388602
"2015-09-23" 2015 9 23 28.6666666666667 3.3557350075854
"2015-09-24" 2015 9 24 89.875 4.49841981604121
"2015-09-25" 2015 9 25 18.9166666666667 2.9400433676934
"2015-09-26" 2015 9 26 27.625 3.31872115983792
"2015-09-27" 2015 9 27 45.8333333333333 3.82501162843852
"2015-09-28" 2015 9 28 47.6666666666667 3.8642323415918
"2015-09-29" 2015 9 29 41.5 3.72569342723665
"2015-09-30" 2015 9 30 23.375 3.15166707517475
"2015-10-01" 2015 10 1 10.25 2.32727770558442
"2015-10-02" 2015 10 2 23.0833333333333 3.13911085639934
"2015-10-03" 2015 10 3 23.0833333333333 3.13911085639934
"2015-10-04" 2015 10 4 109.708333333333 4.69782532914836
"2015-10-05" 2015 10 5 202.5 5.31073988654659
"2015-10-06" 2015 10 6 267.708333333333 5.58989807941547
"2015-10-07" 2015 10 7 219.958333333333 5.39343813447567
"2015-10-08" 2015 10 8 8.95833333333333 2.19258419777972
"2015-10-09" 2015 10 9 17.1666666666667 2.84296951900158
"2015-10-10" 2015 10 10 5.2 1.64865862558738
"2015-10-11" 2015 10 11 7.04166666666667 1.95184488457513
"2015-10-12" 2015 10 12 13.7083333333333 2.61800392041743
"2015-10-13" 2015 10 13 40.4583333333333 3.70027263794338
"2015-10-14" 2015 10 14 115.5 4.74927052996185
"2015-10-15" 2015 10 15 112.583333333333 4.7236936881722
"2015-10-16" 2015 10 16 214.5 5.36830973836807
"2015-10-17" 2015 10 17 302.666666666667 5.71263208993318
"2015-10-18" 2015 10 18 51.25 3.93671561801852
"2015-10-19" 2015 10 19 63.5 4.15103990589865
"2015-10-20" 2015 10 20 75.1666666666667 4.31970787027462
"2015-10-21" 2015 10 21 52.125 3.95364468011897
"2015-10-22" 2015 10 22 29.9166666666667 3.39841573870028
"2015-10-23" 2015 10 23 51.625 3.9440060512812
"2015-10-24" 2015 10 24 51.0833333333333 3.93345828614821
"2015-10-25" 2015 10 25 30.2916666666667 3.41087264718557
"2015-10-26" 2015 10 26 30.5833333333333 3.42045519826657
"2015-10-27" 2015 10 27 14.7083333333333 2.68841422658535
"2015-10-28" 2015 10 28 7.75 2.04769284336526
"2015-10-29" 2015 10 29 9.16666666666667 2.21557371600442
"2015-10-30" 2015 10 30 25.6666666666667 3.24519313318557
"2015-10-31" 2015 10 31 45.5 3.8177123259569
"2015-11-01" 2015 11 1 75.5 4.32413265625498
"2015-11-02" 2015 11 2 90.7916666666667 4.50856750459667
"2015-11-03" 2015 11 3 165.291666666667 5.10771159016638
"2015-11-04" 2015 11 4 207.583333333333 5.33553286547418
"2015-11-05" 2015 11 5 102.791666666667 4.63270428618141
"2015-11-06" 2015 11 6 17.25 2.84781214347737
"2015-11-07" 2015 11 7 15.3333333333333 2.73002910782099
"2015-11-08" 2015 11 8 54.4166666666667 3.99667047948843
"2015-11-09" 2015 11 9 144.208333333333 4.9712590132874
"2015-11-10" 2015 11 10 136.125 4.91357358125312
"2015-11-11" 2015 11 11 117.708333333333 4.7682098132326
"2015-11-12" 2015 11 12 165.583333333333 5.10947459276382
"2015-11-13" 2015 11 13 206.666666666667 5.33110718937103
"2015-11-14" 2015 11 14 259.291666666667 5.55795355422127
"2015-11-15" 2015 11 15 202.083333333333 5.30868015358358
"2015-11-16" 2015 11 16 56.7083333333333 4.03792117230352
"2015-11-17" 2015 11 17 55.125 4.00960333376701
"2015-11-18" 2015 11 18 62.0833333333333 4.12847756859156
"2015-11-19" 2015 11 19 82.75 4.41582401425717
"2015-11-20" 2015 11 20 68.5416666666667 4.22744183285153
"2015-11-21" 2015 11 21 47.7916666666667 3.86685128678142
"2015-11-22" 2015 11 22 50.375 3.91949502026685
"2015-11-23" 2015 11 23 25.625 3.24356843745857
"2015-11-24" 2015 11 24 31.4166666666667 3.44733853766001
"2015-11-25" 2015 11 25 49.7083333333333 3.90617259174997
"2015-11-26" 2015 11 26 36.0833333333333 3.58583107821449
"2015-11-27" 2015 11 27 251.375 5.52694584809282
"2015-11-28" 2015 11 28 300.541666666667 5.70558640215573
"2015-11-29" 2015 11 29 253.166666666667 5.53404803336772
"2015-11-30" 2015 11 30 412.75 6.02284208280024
"2015-12-01" 2015 12 1 464.375 6.14069241547202
"2015-12-02" 2015 12 2 6.75 1.90954250488444
"2015-12-03" 2015 12 3 9.54166666666667 2.25566817320629
"2015-12-04" 2015 12 4 29.375 3.38014397246432
"2015-12-05" 2015 12 5 40.5416666666667 3.70233025183806
"2015-12-06" 2015 12 6 160 5.07517381523383
"2015-12-07" 2015 12 7 183.25 5.21085134076676
"2015-12-08" 2015 12 8 270.916666666667 5.60181127051591
"2015-12-09" 2015 12 9 266.208333333333 5.5842792102544
"2015-12-10" 2015 12 10 96.875 4.57342148767351
"2015-12-11" 2015 12 11 44.8333333333333 3.80295191037378
"2015-12-12" 2015 12 12 159.041666666667 5.06916622239728
"2015-12-13" 2015 12 13 188.125 5.23710663550314
"2015-12-14" 2015 12 14 144.375 4.97241408127606
"2015-12-15" 2015 12 15 6.08333333333333 1.80555279136039
"2015-12-16" 2015 12 16 7.58333333333333 2.02595285672885
"2015-12-17" 2015 12 17 60.695652173913 4.10587206739317
"2015-12-18" 2015 12 18 74.2916666666667 4.30799878751519
"2015-12-19" 2015 12 19 159.375 5.07125991591269
"2015-12-20" 2015 12 20 238.208333333333 5.47314564091603
"2015-12-21" 2015 12 21 241.125 5.48531547122589
"2015-12-22" 2015 12 22 336.958333333333 5.81995928274788
"2015-12-23" 2015 12 23 254.541666666667 5.53946454230182
"2015-12-24" 2015 12 24 100.416666666667 4.60932819613676
"2015-12-25" 2015 12 25 537.25 6.28646353552262
"2015-12-26" 2015 12 26 254.333333333333 5.53864574261635
"2015-12-27" 2015 12 27 56.2083333333333 4.02906502585981
"2015-12-28" 2015 12 28 112.416666666667 4.72221220641976
"2015-12-29" 2015 12 29 331.875 5.8047583919962
"2015-12-30" 2015 12 30 101.75 4.6225188243227
"2015-12-31" 2015 12 31 70.875 4.26091776204792
 